1781520296.000000000
1781520297.000000000
1781520298.000000000
1781520299.000000000
1781520299.999999999
1781520301.000000000
1781520302.000000000
1781520303.000000000
1781520304.000000000
1781520305.000000000
1781520306.000000000
1781520306.999999999
1781520308.000000000
1781520309.000000000
1781520310.000000000
1781520311.000000000
1781520312.000000000
1781520313.000000000
1781520313.999999999
1781520315.000000000
1781520315.999999999
1781520317.000000000
1781520318.000000000
1781520319.000000000
1781520320.000000000
1781520321.000000000
1781520322.000000000
1781520323.000000000
1781520324.000000000
1781520325.000000000
1781520326.000000000
1781520327.000000000
1781520328.000000000
1781520329.000000000
1781520329.999999999
1781520331.000000000
1781520332.000000000
1781520333.000000000
1781520333.999999999
1781520335.000000000
1781520336.000000000
1781520337.000000000
1781520338.000000000
1781520339.000000000
1781520340.000000000
1781520341.000000000
1781520341.999999999
1781520343.000000000
1781520344.000000000
1781520345.000000000
1781520346.000000000
1781520347.000000000
1781520348.000000001
1781520349.000000000
1781520350.000000000
1781520350.999999999
1781520352.000000000
1781520353.000000000
1781520354.000000000
1781520355.000000000
1781520356.000000000
1781520357.000000000
1781520357.999999999
1781520359.000000000
1781520360.000000000
1781520361.000000000
1781520362.000000000
1781520363.000000000
1781520364.000000000
1781520365.000000000
1781520365.999999999
1781520367.000000000
1781520368.000000000
1781520369.000000000
1781520369.999999999
1781520371.000000000
1781520372.000000000
1781520373.000000000
1781520374.000000000
1781520375.000000000
1781520375.999999999
1781520377.000000000
1781520378.000000000
1781520379.000000000
1781520380.000000000
1781520381.000000000
1781520382.000000000
1781520382.999999999
1781520384.000000000
1781520385.000000000
1781520385.999999999
1781520387.000000000
1781520388.000000000
1781520389.000000000
1781520390.000000000
1781520390.999999999
1781520392.000000000
1781520393.000000000
1781520394.000000000
1781520394.999999999
1781520396.000000000
1781520396.999999999
1781520398.000000000
1781520398.999999999
1781520400.000000000
1781520401.000000000
1781520402.000000000
1781520403.000000000
1781520404.000000000
1781520405.000000000
1781520406.000000000
1781520407.000000000
1781520408.000000000
1781520409.000000000
1781520410.000000000
1781520411.000000000
1781520412.000000000
1781520413.000000000
1781520413.999999999
1781520415.000000001
1781520416.000000000
1781520417.000000000
1781520418.000000000
1781520419.000000000
1781520420.000000000
1781520421.000000000
1781520421.999999999
1781520423.000000000
1781520424.000000000
1781520425.000000000
1781520426.000000000
1781520427.000000000
1781520428.000000000
1781520429.000000000
1781520430.000000000
1781520431.000000000
1781520432.000000000
1781520432.999999999
1781520434.000000001
1781520435.000000000
1781520435.999999999
1781520436.999999999
1781520438.000000000
1781520439.000000000
1781520439.999999999
1781520441.000000000
1781520442.000000000
1781520443.000000000
1781520444.000000000
1781520445.000000000
1781520446.000000000
1781520447.000000000
1781520448.000000000
1781520449.000000000
1781520450.000000000
1781520450.999999999
1781520452.000000000
1781520453.000000000
1781520454.000000000
1781520454.999999999
1781520456.000000000
1781520456.999999999
1781520458.000000000
1781520458.999999999
1781520460.000000000
1781520460.999999999
1781520462.000000000
1781520462.999999999
1781520464.000000000
1781520465.000000000
1781520466.000000000
1781520466.999999999
1781520468.000000000
1781520469.000000000
1781520470.000000000
1781520471.000000000
1781520471.999999999
1781520473.000000000
1781520473.999999999
1781520475.000000000
1781520476.000000000
1781520477.000000000
1781520477.999999999
1781520479.000000000
1781520480.000000000
1781520481.000000000
1781520482.000000000
1781520483.000000000
1781520484.000000000
1781520484.999999999
1781520486.000000000
1781520487.000000000
1781520488.000000000
1781520489.000000000
1781520490.000000000
1781520491.000000000
1781520492.000000000
1781520493.000000000
1781520494.000000000
1781520495.000000000
1781520495.999999999
1781520497.000000000
1781520498.000000000
1781520498.999999999
1781520500.000000000
1781520501.000000000
1781520501.999999999
1781520503.000000000
1781520503.999999999
1781520505.000000000
1781520506.000000000
1781520506.999999999
1781520507.999999999
1781520508.999999999
1781520510.000000000
1781520511.000000000
1781520511.999999999
1781520512.999999999
1781520514.000000000
1781520514.999999999
1781520516.000000000
1781520516.999999999
1781520518.000000000
1781520519.000000000
1781520520.000000000
1781520520.999999999
1781520522.000000000
1781520523.000000000
1781520524.000000000
1781520524.999999999
1781520526.000000000
1781520527.000000000
1781520528.000000000
1781520528.999999999
1781520530.000000000
1781520530.999999999
1781520532.000000000
1781520533.000000000
1781520534.000000000
1781520535.000000000
1781520536.000000000
1781520537.000000000
1781520537.999999999
1781520539.000000000
1781520540.000000000
1781520541.000000000
1781520542.000000000
1781520542.999999999
1781520544.000000000
1781520545.000000000
1781520546.000000000
1781520546.999999999
1781520548.000000000
1781520549.000000000
1781520550.000000000
1781520551.000000000
1781520552.000000000
1781520553.000000000
1781520554.000000000
1781520555.000000000
1781520556.000000000
1781520557.000000000
1781520558.000000000
1781520559.000000000
1781520560.000000000
1781520560.999999999
1781520562.000000000
1781520563.000000000
1781520564.000000000
1781520564.999999999
1781520566.000000000
1781520567.000000000
1781520568.000000000
1781520569.000000000
1781520570.000000000
1781520571.000000000
1781520572.000000000
1781520573.000000000
1781520574.000000000
1781520574.999999999
1781520576.000000000
1781520577.000000000
1781520577.999999999
1781520578.999999999
1781520580.000000000
1781520581.000000000
1781520582.000000000
1781520583.000000000
1781520584.000000000
1781520585.000000000
1781520586.000000000
1781520587.000000000
1781520588.000000000
1781520589.000000000
1781520590.000000000
1781520591.000000000
1781520592.000000000
1781520593.000000000
1781520594.000000000
1781520594.999999999
1781520596.000000000
1781520597.000000000
1781520597.999999999
1781520599.000000000
1781520600.000000000
1781520600.999999999
1781520602.000000000
1781520603.000000000
1781520603.999999999
1781520605.000000000
1781520606.000000000
1781520607.000000000
1781520608.000000000
1781520609.000000000
1781520610.000000000
1781520611.000000000
1781520612.000000000
1781520613.000000000
1781520614.000000000
1781520615.000000000
1781520616.000000000
1781520617.000000000
1781520618.000000000
1781520619.000000000
1781520620.000000000
1781520621.000000000
1781520622.000000000
1781520623.000000000
1781520623.999999999
1781520625.000000001
1781520625.999999999
1781520627.000000000
1781520628.000000000
1781520629.000000000
1781520630.000000000
1781520630.999999999
1781520632.000000000
1781520632.999999999
1781520634.000000000
1781520635.000000000
1781520635.999999999
1781520637.000000000
1781520638.000000000
1781520639.000000000
1781520640.000000000
1781520640.999999999
1781520642.000000000
1781520643.000000000
1781520644.000000000
1781520645.000000000
1781520646.000000000
1781520647.000000000
1781520648.000000000
1781520649.000000000
1781520649.999999999
1781520651.000000000
1781520652.000000000
1781520653.000000000
1781520654.000000000
1781520655.000000000
1781520656.000000000
1781520657.000000000
1781520657.999999999
1781520659.000000000
1781520659.999999999
1781520661.000000000
1781520662.000000000
1781520663.000000000
1781520664.000000000
1781520664.999999999
1781520666.000000000
1781520666.999999999
1781520668.000000000
1781520669.000000000
1781520669.999999999
1781520671.000000000
1781520672.000000000
1781520673.000000000
1781520674.000000000
1781520675.000000000
1781520676.000000000
1781520676.999999999
1781520678.000000000
1781520679.000000000
1781520680.000000000
1781520681.000000000
1781520682.000000000
1781520682.999999999
1781520684.000000000
1781520685.000000000
1781520685.999999999
1781520686.999999999
1781520688.000000000
1781520689.000000000
1781520690.000000000
1781520691.000000000
1781520692.000000000
1781520692.999999999
1781520694.000000000
1781520695.000000000
1781520696.000000000
1781520697.000000000
1781520698.000000000
1781520699.000000000
1781520700.000000000
1781520701.000000000
1781520702.000000000
1781520702.999999999
1781520703.999999999
1781520705.000000000
1781520706.000000000
1781520707.000000000
1781520708.000000000
1781520709.000000000
1781520710.000000000
1781520711.000000000
1781520712.000000000
1781520713.000000000
1781520714.000000000
1781520715.000000000
1781520716.000000000
1781520717.000000000
1781520718.000000000
1781520719.000000000
1781520720.000000000
1781520721.000000000
1781520722.000000000
1781520723.000000000
1781520724.000000000
1781520724.999999999
1781520726.000000000
1781520726.999999999
1781520728.000000000
1781520729.000000000
1781520730.000000000
1781520731.000000000
1781520732.000000000
1781520733.000000000
1781520734.000000000
1781520735.000000000
1781520736.000000001
1781520737.000000000
1781520738.000000000
1781520738.999999999
1781520740.000000000
1781520740.999999999
1781520742.000000000
1781520743.000000000
1781520744.000000000
1781520745.000000000
1781520746.000000000
1781520747.000000000
1781520748.000000000
1781520749.000000000
1781520750.000000000
1781520751.000000000
1781520751.999999999
1781520753.000000000
1781520754.000000000
1781520755.000000000
1781520756.000000000
1781520757.000000000
1781520758.000000000
1781520759.000000000
1781520760.000000000
1781520761.000000000
1781520761.999999999
1781520763.000000000
1781520763.999999999
1781520765.000000000
1781520766.000000000
1781520767.000000000
1781520767.999999999
1781520769.000000000
1781520770.000000000
1781520771.000000000
1781520772.000000000
1781520773.000000000
1781520774.000000000
1781520774.999999999
1781520776.000000000
1781520776.999999999
1781520778.000000000
1781520779.000000000
1781520779.999999999
1781520780.999999999
1781520781.999999999
1781520783.000000000
1781520784.000000000
1781520785.000000000
1781520786.000000000
1781520786.999999999
1781520788.000000000
1781520788.999999999
1781520790.000000000
1781520790.999999999
1781520792.000000001
1781520793.000000000
1781520794.000000000
1781520795.000000000
1781520796.000000000
1781520797.000000000
1781520797.999999999
1781520799.000000000
1781520799.999999999
1781520801.000000000
1781520802.000000000
1781520803.000000000
1781520804.000000000
1781520805.000000000
1781520805.999999999
1781520806.999999999
1781520808.000000000
1781520808.999999999
1781520810.000000000
1781520811.000000000
1781520812.000000000
1781520812.999999999
1781520813.999999999
1781520815.000000000
1781520816.000000000
1781520817.000000000
1781520818.000000000
1781520819.000000000
1781520820.000000001
1781520821.000000000
1781520822.000000000
1781520823.000000000
1781520824.000000000
1781520825.000000000
1781520826.000000000
1781520827.000000000
1781520828.000000000
1781520829.000000000
1781520829.999999999
1781520830.999999999
1781520832.000000000
1781520833.000000000
1781520834.000000000
1781520835.000000000
1781520836.000000000
1781520837.000000000
1781520838.000000001
1781520838.999999999
1781520840.000000000
1781520841.000000000
1781520842.000000000
1781520843.000000000
1781520844.000000000
1781520845.000000000
1781520846.000000000
1781520847.000000000
1781520848.000000000
1781520849.000000000
1781520850.000000000
1781520850.999999999
1781520852.000000000
1781520852.999999999
1781520854.000000000
1781520855.000000000
1781520856.000000000
1781520857.000000000
1781520858.000000000
1781520859.000000000
1781520860.000000000
1781520861.000000000
1781520862.000000000
1781520862.999999999
1781520864.000000000
1781520865.000000000
1781520866.000000000
1781520867.000000000
1781520867.999999999
1781520869.000000000
1781520870.000000000
1781520871.000000000
1781520871.999999999
1781520873.000000000
1781520874.000000000
1781520875.000000000
1781520876.000000000
1781520877.000000000
1781520877.999999999
1781520879.000000000
1781520880.000000000
1781520881.000000000
1781520882.000000000
1781520883.000000000
1781520883.999999999
1781520885.000000000
1781520886.000000000
1781520887.000000000
1781520888.000000000
1781520888.999999999
1781520890.000000000
1781520891.000000000
1781520891.999999999
1781520893.000000000
1781520894.000000000
1781520895.000000000
1781520896.000000000
1781520896.999999999
1781520898.000000000
1781520899.000000000
1781520899.999999999
1781520900.999999999
1781520901.999999999
1781520903.000000000
1781520904.000000000
1781520905.000000000
1781520906.000000000
1781520907.000000000
1781520908.000000000
1781520909.000000000
1781520909.999999999
1781520911.000000000
1781520912.000000000
1781520913.000000000
1781520914.000000000
1781520915.000000000
1781520916.000000000
1781520917.000000000
1781520918.000000000
1781520919.000000000
1781520920.000000000
1781520921.000000000
1781520921.999999999
1781520923.000000000
1781520924.000000000
1781520924.999999999
1781520926.000000000
1781520927.000000000
1781520927.999999999
1781520928.999999999
1781520930.000000001
1781520931.000000000
1781520932.000000000
1781520933.000000000
1781520934.000000000
1781520935.000000000
1781520936.000000000
1781520937.000000000
1781520938.000000000
1781520939.000000000
1781520940.000000000
1781520941.000000000
1781520941.999999999
1781520942.999999999
1781520944.000000000
1781520945.000000000
1781520946.000000000
1781520946.999999999
1781520948.000000000
1781520949.000000000
1781520950.000000000
1781520951.000000000
1781520952.000000000
1781520953.000000000
1781520954.000000000
1781520955.000000000
1781520956.000000000
1781520957.000000000
1781520958.000000000
1781520958.999999999
1781520959.999999999
1781520961.000000000
1781520962.000000000
1781520963.000000000
1781520964.000000000
1781520965.000000000
1781520966.000000000
1781520967.000000000
1781520968.000000000
1781520969.000000000
1781520970.000000000
1781520971.000000000
1781520972.000000000
1781520973.000000000
1781520974.000000000
1781520975.000000000
1781520976.000000000
1781520977.000000000
1781520978.000000000
1781520979.000000000
1781520980.000000000
1781520980.999999999
1781520981.999999999
1781520983.000000000
1781520984.000000000
1781520985.000000000
1781520986.000000000
1781520987.000000000
1781520988.000000000
1781520989.000000000
1781520989.999999999
1781520991.000000000
1781520992.000000000
1781520993.000000000
1781520994.000000000
1781520995.000000000
1781520996.000000000
1781520997.000000000
1781520998.000000000
1781520999.000000000
1781521000.000000000
1781521001.000000000
1781521002.000000000
1781521003.000000000
1781521004.000000000
1781521004.999999999
1781521006.000000000
1781521007.000000000
1781521008.000000000
1781521008.999999999
1781521010.000000000
1781521011.000000000
1781521012.000000000
1781521013.000000000
1781521013.999999999
1781521015.000000000
1781521016.000000000
1781521017.000000000
1781521018.000000000
1781521019.000000000
1781521020.000000000
1781521021.000000000
1781521022.000000000
1781521023.000000000
1781521024.000000000
1781521025.000000000
1781521025.999999999
1781521027.000000000
1781521028.000000000
1781521028.999999999
1781521029.999999999
1781521031.000000000
1781521032.000000000
1781521033.000000000
1781521034.000000000
1781521035.000000000
1781521036.000000000
1781521037.000000000
1781521038.000000000
1781521038.999999999
1781521040.000000000
1781521041.000000000
1781521042.000000000
1781521043.000000000
1781521044.000000000
1781521045.000000000
1781521046.000000000
1781521047.000000000
1781521048.000000000
1781521048.999999999
1781521050.000000000
1781521050.999999999
1781521052.000000000
1781521053.000000000
1781521054.000000000
1781521054.999999999
1781521055.999999999
1781521057.000000000
1781521057.999999999
1781521059.000000000
1781521060.000000000
1781521061.000000000
1781521062.000000000
1781521062.999999999
1781521064.000000000
1781521064.999999999
1781521066.000000000
1781521067.000000000
1781521068.000000000
1781521069.000000000
1781521069.999999999
1781521071.000000000
1781521072.000000000
1781521073.000000000
1781521073.999999999
1781521075.000000000
1781521076.000000000
1781521077.000000000
1781521078.000000000
1781521079.000000000
1781521079.999999999
1781521081.000000000
1781521081.999999999
1781521083.000000000
1781521083.999999999
1781521085.000000000
1781521086.000000000
1781521087.000000000
1781521088.000000000
1781521089.000000000
1781521089.999999999
1781521091.000000000
1781521092.000000000
1781521092.999999999
1781521094.000000000
1781521095.000000000
1781521096.000000000
1781521097.000000000
1781521098.000000000
1781521099.000000000
1781521100.000000000
1781521101.000000000
1781521102.000000000
1781521103.000000000
1781521104.000000000
1781521105.000000000
1781521106.000000000
1781521107.000000000
1781521108.000000000
1781521109.000000000
1781521110.000000000
1781521110.999999999
1781521112.000000000
1781521113.000000000
1781521113.999999999
1781521115.000000000
1781521115.999999999
1781521117.000000000
1781521118.000000000
1781521119.000000000
1781521120.000000000
1781521120.999999999
1781521122.000000000
1781521123.000000000
1781521123.999999999
1781521125.000000000
1781521126.000000000
1781521127.000000000
1781521128.000000000
1781521128.999999999
1781521130.000000000
1781521130.999999999
1781521132.000000000
1781521133.000000000
1781521134.000000000
1781521135.000000000
1781521136.000000000
1781521137.000000000
1781521138.000000000
1781521139.000000000
1781521139.999999999
1781521141.000000000
1781521142.000000000
1781521143.000000000
1781521143.999999999
1781521145.000000000
1781521146.000000000
1781521147.000000000
1781521148.000000000
1781521149.000000000
1781521150.000000000
1781521151.000000000
1781521152.000000000
1781521153.000000000
1781521154.000000000
1781521155.000000000
1781521155.999999999
1781521157.000000001
1781521158.000000000
1781521158.999999999
1781521159.999999999
1781521161.000000000
1781521162.000000000
1781521163.000000000
1781521164.000000000
1781521165.000000000
1781521166.000000000
1781521166.999999999
1781521168.000000000
1781521169.000000000
1781521169.999999999
1781521170.999999999
1781521172.000000000
1781521173.000000000
1781521174.000000000
1781521175.000000000
1781521176.000000000
1781521177.000000000
1781521178.000000000
1781521178.999999999
1781521179.999999999
1781521180.999999999
1781521182.000000001
1781521183.000000000
1781521184.000000001
1781521185.000000000
1781521186.000000000
1781521186.999999999
1781521188.000000000
1781521188.999999999
1781521189.999999998
1781521190.999999999
1781521191.999999998
1781521192.999999997
1781521193.999999997
1781521194.999999997
1781521195.999999997
1781521196.999999996
1781521197.999999996
1781521198.999999996
1781521199.999999995
1781521201.000000000
1781521202.000000005
1781521203.000000009
1781521204.000000013
1781521205.000000018
1781521206.000000022
1781521207.000000027
1781521208.000000032
1781521209.000000036
1781521210.000000040
1781521211.000000046
1781521212.000000050
1781521213.000000054
1781521214.000000058
1781521215.000000064
1781521178.999737893
1781521179.999780781
1781521180.999804652
1781521181.999818006
1781521182.999825449
1781521183.999829569
1781521184.999831822
1781521185.999833036
1781521186.999833666
1781521187.999833969
1781521188.999834093
1781521189.999834115
1781521190.999834084
1781521191.999834021
1781521192.999833944
1781521193.999833860
1781521194.999833773
1781521195.999833684
1781521196.999833597
1781521197.999833512
1781521198.999833427
1781521199.999833344
1781521200.999833264
1781521201.999833185
1781521202.999833109
1781521203.999833034
1781521204.999832963
1781521205.999832892
1781521206.999832824
1781521207.999832759
1781521208.999832694
1781521209.999832632
1781521210.999832571
1781521211.999832511
1781521212.999832453
1781521213.999832397
1781521214.999832343
1781521215.999832289
1781521216.999832238
1781521217.999832189
1781521218.999832140
1781521219.999832092
1781521220.999832047
1781521221.999832002
1781521222.999831958
1781521223.999831915
1781521224.999831874
1781521225.999831833
1781521226.999831794
1781521227.999831758
1781521228.999831721
1781521229.999831685
1781521230.999831650
1781521231.999831617
1781521232.999831583
1781521233.999831550
1781521234.999831520
1781521235.999831489
1781521236.999831460
1781521237.999831432
1781521238.999831404
1781521239.999831376
1781521240.999831349
1781521241.999831324
1781521242.999831299
1781521243.999831275
1781521244.999831252
1781521245.999831230
1781521246.999831207
1781521247.999831186
1781521248.999831165
1781521249.999831144
1781521250.999831123
1781521251.999831104
1781521252.999831085
1781521253.999831066
1781521254.999831050
1781521255.999831032
1781521256.999831015
1781521257.999830999
1781521258.999830983
1781521259.999830967
1781521260.999830951
1781521261.999830937
1781521262.999830922
1781521263.999830907
1781521265.099819952
1781521266.199819951
1781521267.299819949
1781521268.399819948
1781521269.499819948
1781521270.599819947
1781521271.699819945
1781521272.799819945
1781521273.899819944
1781521274.999819942
1781521276.099819942
1781521277.199819941
1781521278.299819940
1781521279.399819938
1781521280.499819938
1781521279.939194952
1781521280.839194951
1781521281.739194951
1781521282.639194950
1781521283.539194949
1781521284.439194949
1781521285.339194948
1781521286.239194946
1781521287.139194945
1781521288.039194945
1781521288.939194944
1781521289.839194943
1781521290.739194943
1781521291.639194942
1781521292.539194941
1781521293.439194941
1781521294.339194940
1781521295.239194939
1781521296.139194937
1781521297.039194937
1781521297.939194936
1781521298.839194935
1781521299.939174577
1781521301.039174576
1781521302.139174575
1781521303.239174573
1781521304.339174573
1781521305.439174572
1781521306.539174571
1781521307.639174571
1781521308.739174569
1781521309.839174568
1781521310.939174568
1781521312.039174566
1781521313.139174565
1781521314.239174564
1781521315.339174564
1781521316.439174562
1781521317.539174561
1781521318.639174561
1781521319.739174560
1781521320.839174558
1781521321.939174558
1781521323.039174557
1781521324.139174555
1781521325.239174554
1781521326.339174554
1781521327.439174553
1781521328.539174551
1781521329.639174551
1781521330.739174550
1781521331.839174549
1781521332.939174549
1781521334.039174547
1781521335.139174546
1781521336.239174544
1781521337.339174544
1781521338.439174543
1781521339.539174542
1781521340.639174542
1781521341.739174540
1781521342.839174539
1781521343.939174538
1781521345.039174538
1781521346.139174536
1781521347.239174535
1781521348.339174535
1781521349.439174533
1781521350.539174532
1781521351.639174532
1781521352.739174531
1781521353.839174529
1781521354.939174528
1781521356.039174528
1781521357.139174527
1781521358.239174525
1781521359.339174525
1781521360.439174524
1781521361.539174522
1781521362.639174522
1781521363.739174521
1781521364.839174520
1781521365.939174518
1781521367.039174518
1781521368.139174517
1781521369.239174516
1781521370.339174516
1781521371.439174514
1781521372.539174513
1781521373.639174511
1781521374.739174511
1781521375.839174510
1781521376.939174509
1781521378.039174509
1781521379.139174507
1781521380.239174506
1781521381.339174506
1781521382.439174505
1781521383.539174503
1781521384.639174502
1781521385.739174502
1781521386.839174500
